51003
51011
51019
51023
51026
51027
51030
51031
51034
51035
51038
51045
51046
51048
51051
51054
51055
51056
51057
51060
51062
51064
51066
51070
51076
51077
51078
51080
51082
51083
51084
51086
51091
51094
51096
51097
51098
51101
51107
51108
51109
51110
51111
51115
51117
51124
51126
51128
51130
51131
51132
51135
51136
51137
51141
51146
51149
51150
51151
51153
51154
51155
51158
51160
51161
51162
51166
51167
51171
51175
51176
51177
51180
51184
51188
51191
51196
51197
51198
51199
51200
51201
51205
51210
51215
51223
51226
51228
51229
51231
51232
51233
51235
51244
51249
51250
51256
51261
51262
51263
51265
51266
51270
51274
51275
51277
51285
51288
51289
51291
51293
51295
51298
51301
51302
51304
51314
51323
51325
51326
51331
51341
51342
51343
51345
51350
51355
51356
51362
51367
51372
51373
51377
51379
51382
51383
51384
51385
51386
51388
51390
51396
51397
51399
51400
51401
51402
51404
51406
51409
51411
51412
51421
51427
51429
51430
51431
51437
51454
51455
51457
51458
51459
51465
51467
51477
51481
51482
51488
51489
51491
51492
51500
51501
51505
51509
51513
51514
51518
51521
51529
51535
51538
51542
51544
51548
51549
51553
51558
51562
51563
51565
51568
51571
51572
51573
51574
51575
51576
51577
51578
51579
51581
51582
51583
51585
51587
51588
51590
51591
51593
51595
51597
51598
51602
51604
51605
51606
51607
51608
51610
51611
51612
51613
51614
51616
51617
51618
51619
51620
51622
51623
51624
51625
51626
51629
51630
51632
51635
51636
51638
51639
51640
51642
51644
51645
51646
51650
51651
51652
51654
51655
51658
51659
51660
51661
51662
51663
51664
51666
51669
51671
51673
51675
51676
51678
51680
51682
51685
51686
51687
51688
51689
51691
51693
51695
51697
51700
51701
51702
51704
51705
51706
51707
51708
51709
51711
51714
51716
51718
51721
51722
51723
51724
51725
51728
51729
51731
51732
51733
51734
51736
51738
51739
51740
51744
51745
51746
51747
51748
51749
51750
51751
51752
51753
51754
51755
51756
51758
51759
51760
51761
51764
51767
51768
51770
51771
51772
51773
51774
51775
51776
51777
51779
51780
51781
51784
51785
51787
51788
51789
51790
51791
51792
51794
51795
51796
51798
51799
51800
51802
52001
52004
52012
52014
52018
52019
52020
52024
52025
52027
52030
52033
52037
52043
52044
52049
52050
52052
52054
52058
52059
52060
52063
52067
52068
52070
52074
52075
52077
52081
52084
52087
52090
52093
52094
52095
52096
52098
52105
52109
52111
52112
52114
52116
52117
52119
52130
52134
52136
52139
52140
52144
52146
52161
52169
52172
52181
52183
52184
52186
52190
52191
52197
52202
52206
52207
52212
52215
52217
52218
52219
52220
52229
52231
52232
52234
52237
52245
52248
52250
52251
52255
52256
52258
52261
52262
52265
52266
52271
52275
52286
52291
52296
52297
52299
52308
52309
52310
52325
52330
52333
52338
52341
52342
52346
52348
52350
52352
52359
52360
52362
52367
52368
52369
52370
52371
52372
52373
52375
52376
52377
52378
52379
52380
52384
52385
52386
52387
52388
52389
52390
52391
52396
52397
52401
52403
52405
52406
52408
52409
52416
52419
52421
52423
52424
52425
52426
52430
52431
52436
52437
52438
52442
52444
52450
52454
52455
52461
52463
52467
52468
52470
52472
52475
52477
52479
52481
52482
52483
52485
52493
52494
52497
52499
52502
52503
52504
52506
52508
52510
52511
52512
52513
52521
52527
52530
52532
52534
52535
52536
52539
52542
52543
52546
52548
52549
52550
52552
52554
52556
52558
52559
52560
52562
52563
52565
52569
52570
52573
52575
52577
52578
52580
52583
52585
52586
52587
52588
52590
52591
52593
52594
52595
52598
52599
52600
52602
52603
52604
52606
52609
52610
52612
52613
52615
52616
52620
52621
52626
52630
52631
52633
52634
52635
52636
52638
52639
52640
52641
52642
52643
52644
52646
52648
52649
52651
52653
52654
52655
52656
52659
52660
52661
52662
52663
52666
52667
52668
52670
52671
52672
52674
52679
52680
52681
52685
52686
52691
52692
52694
52699
52701
52703
52704
52705
52708
52709
52710
52711
52712
52713
52715
52717
52718
52719
52720
52722
52723
52724
52730
52731
52732
52734
52735
52736
52738
52739
52740
52741
52744
52745
52746
52747
52748
52749
52750
52751
52752
52753
52754
52756
52757
52758
52759
52760
52762
52766
52767
52801
52802
52803
52805
52806
52808
52809
52810
52811
52812
52814
52815
52816
52817
52819
52821
52822
52823
52824
52831
52834
52837
52839
52841
52842
52843
52844
52846
52849
52851
52852
52853
52854
52855
52856
52857
52862
52863
52864
52865
52866
52868
52869
52871
52872
52873
52874
52875
52876
52877
52878
52879
52880
52881
52882
52883
52884
52885
52886
52887
52888
52891
52892
52893
52894
52895
52896
52897
52899
52900
52901
52902
52904
52907
52908
52909
52910
52911
52913
52916
52919
52920
52921
52922
52927
52928
52929
52930
52931
52932
52935
52936
52937
52938
52940
52943
52944
52948
53002
53004
53006
53010
53011
53013
53016
53018
53026
53027
53028
53030
53032
53037
53039
53046
53047
53051
53053
53054
53056
53057
53058
53061
53065
53066
53069
53077
53078
53079
53080
53081
53082
53083
53084
53085
53096
53102
53104
53105
53106
53108
53109
53119
53122
53125
53126
53128
53130
53133
53135
53137
53138
53141
53142
53143
53149
53152
53154
53155
53160
53162
53163
53164
53166
53168
53174
53179
53182
53183
53185
53186
53187
53190
53191
53192
53193
53194
53195
53199
53202
53204
53205
53208
53209
53210
53214
53215
53216
53217
53224
53226
53227
53230
53231
53233
53234
53235
53237
53238
53240
53244
53250
53251
53252
53260
53262
53263
53268
53275
53276
53277
53279
53281
53283
53284
53285
53292
53293
53295
53296
53298
53300
53301
53302
53303
53308
53310
53311
53312
53313
53315
53317
53319
53320
53321
53324
53328
53329
53330
53331
53333
53334
53336
53338
53342
53343
53346
53350
53351
53353
53354
53356
53357
53358
53359
53360
53361
53364
53365
53371
53373
53376
53381
53386
53393
53396
53398
53399
53400
53403
53408
53410
53415
53418
53422
53424
53426
53429
53430
53431
53432
53435
53436
53440
53442
53443
53444
53451
53452
53455
53456
53457
53461
53462
53464
53467
53469
53470
53472
53473
53474
53475
53483
53486
53487
53488
53489
53495
53496
53511
53512
53514
53516
53519
53521
53525
53527
53528
53535
53536
53537
53539
53540
53546
53548
53549
53550
53553
53555
53559
53560
53561
53562
53565
53567
53570
53571
53572
53573
53575
53576
53578
53580
53584
53585
53587
53588
53589
53590
53596
53597
53599
53600
53601
53604
53605
53606
53607
53608
53609
53612
53613
53614
53615
53616
53617
53618
53619
53620
53621
53622
53623
53624
53625
53626
53627
53628
53629
53631
53633
53634
53635
53637
53638
53641
53642
53644
53645
53646
53647
53648
53651
53652
53654
53659
53660
53661
53662
53663
53664
53666
53667
53669
53670
53671
53672
53673
53674
53675
53676
53677
53680
53681
53683
53685
53689
53690
53693
53695
53696
53697
53698
53699
53700
53701
53702
53705
53706
53707
53708
53709
53710
53711
53712
53713
53714
53715
53716
53718
53720
53721
53722
53726
53727
53728
53729
53730
53731
53732
53733
53734
53735
53736
53738
53741
53743
53745
53748
53749
53750
53751
53752
53754
53755
53756
53757
53761
53762
53763
53764
53765
53766
53767
53768
53803
53804
53805
53806
53807
53808
53809
53812
53814
53815
53817
53818
53820
53821
53822
53823
53824
53825
53826
53827
53828
53832
53834
53835
53838
53839
53840
53842
53843
53844
53847
53848
53849
53851
53852
53853
53854
53856
53858
53859
53860
53861
53862
53863
53865
53866
53867
53868
53869
53870
53871
53872
53873
53875
53876
53877
53878
54002
54004
54011
54012
54015
54016
54020
54023
54024
54025
54030
54032
54033
54036
54040
54041
54043
54044
54045
54050
54058
54061
54062
54063
54066
54067
54069
54072
54086
54088
54092
54094
54096
54103
54110
54113
54115
54119
54120
54123
54127
54128
54130
54131
54134
54137
54140
54143
54146
54150
54154
54158
54160
54161
54165
54169
54170
54172
54173
54174
54179
54180
54182
54183
54184
54185
54187
54196
54198
54199
54202
54203
54205
54214
54222
54232
54233
54235
54236
54237
54242
54245
54247
54250
54256
54257
54262
54263
54264
54265
54271
54274
54275
54279
54280
54283
54284
54289
54291
54292
54299
54301
54307
54309
54316
54317
54321
54322
54324
54325
54326
54328
54329
54336
54337
54338
54339
54341
54346
54357
54361
54362
54363
54365
54367
54369
54375
54376
54377
54379
54381
54382
54387
54390
54396
54398
54399
54404
54409
54410
54414
54416
54418
54424
54428
54435
54440
54444
54448
54449
54452
54457
54459
54460
54465
54466
54467
54468
54471
54475
54480
54482
54483
54484
54485
54487
54488
54490
54491
54492
54496
54497
54499
54500
54501
54502
54503
54504
54506
54508
54509
54511
54512
54513
54515
54518
54521
54522
54523
54524
54525
54526
54527
54529
54530
54531
54532
54534
54535
54536
54537
54538
54541
54542
54543
54544
54546
54548
54549
54550
54551
54552
54556
54557
54558
54559
54560
54561
54562
54564
54565
54566
54570
54572
54573
54576
54580
54581
54582
54584
54585
54587
54588
54589
54591
54592
54593
54594
54595
54599
54601
54602
54606
54607
54611
54612
54617
54618
54619
54621
54622
54623
54624
54625
54626
54628
54629
54630
54631
54632
54633
54634
54635
54636
54637
54639
54641
54642
54643
54644
54646
54648
54649
54650
54654
54655
54656
54659
54660
54662
54663
54664
54666
54667
54670
54672
54673
54674
54675
54677
54679
54681
54682
54683
54686
54688
54689
54691
54694
54695
54696
54697
54698
54700
54704
54705
54706
54707
54708
54709
54710
54711
54712
54713
54714
54716
54719
54726
54727
54733
54736
54738
54745
54746
54747
54749
54750
54751
54755
54756
54757
54760
54762
54763
54765
54766
54768
54770
54771
54774
54775
54779
54782
54784
54787
54789
54792
54795
54796
54797
54799
54800
54802
54806
54811
54813
54815
54818
54819
54823
54825
54826
54827
54828
54831
54834
54836
54837
54838
54839
54845
54846
54847
54849
54850
54851
54852
54853
54854
54855
54856
54857
54858
55008
55013
55016
55024
55027
55028
55033
55035
55039
55047
55050
55051
55054
55061
55066
55071
55074
55077
55078
55081
55082
55084
55085
55090
55098
55099
55100
55106
55112
55117
55118
55122
55127
55134
55138
55143
55154
55158
55166
55168
55179
55181
55183
55185
55193
55196
55197
55203
55205
55207
55209
55213
55214
55215
55216
55227
55229
55236
55237
55241
55243
55257
55258
55267
55273
55275
55279
55282
55283
55289
55291
55293
55295
55299
55300
55301
55302
55303
55317
55319
55320
55327
55333
55337
55339
55341
55343
55346
55349
55353
55355
55357
55359
55360
55361
55363
55365
55367
55370
55372
55384
55388
55389
55393
55395
55399
55400
55404
55408
55417
55418
55420
55421
55424
55426
55429
55431
55433
55438
55440
55441
55442
55443
55444
55445
55446
55448
55452
55453
55454
55455
55456
55458
55461
55466
55468
55471
55472
55473
55474
55479
55480
55481
55482
55483
55484
55485
55486
55487
55488
55490
55491
55492
55493
55494
55496
55497
55500
55501
55502
55503
55504
55507
55508
55511
55516
55518
55519
55521
55522
55524
55525
55527
55528
55530
55531
55534
55535
55536
55537
55538
55539
55541
55543
55546
55549
55550
55551
55552
55553
55554
55555
55557
55558
55560
55561
55562
55564
55565
55566
55567
55569
55570
55571
55572
55573
55574
55576
55577
55578
55579
55581
55584
55585
55586
55588
55589
55591
55592
55593
55599
55600
55601
55602
55603
55604
55605
55607
55608
55609
55610
55611
55613
55622
55623
55624
55625
55626
55627
55631
55634
55635
55637
55639
55640
55641
55643
55644
55645
55647
55648
55649
55651
55653
55654
55656
55658
55659
55660
55661
55662
55663
55664
55666
55667
55668
55670
55676
55677
55680
55681
55682
55684
55685
55686
55687
55688
55689
55692
55693
55694
55695
55696
55698
55699
55700
55703
55706
55708
55709
55710
55712
55715
55716
55719
55720
55721
55724
55725
55726
55727
55728
55729
55731
55735
55737
55738
55739
55740
55741
56001
56004
56006
56007
56009
56010
56013
56014
56021
56023
56024
56039
56042
56043
56044
56046
56050
56052
56053
56056
56060
56061
56062
56065
56067
56068
56070
56073
56076
56080
56085
56086
56087
56088
56091
56092
56096
56100
56101
56103
56104
56107
56111
56112
56116
56118
56119
56120
56122
56128
56131
56132
56134
56135
56136
56139
56140
56142
56143
56144
56148
56150
56151
56153
56154
56156
56160
56161
56162
56163
56164
56165
56166
56168
56170
56171
56176
56177
56189
56190
56192
56193
56196
56198
56199
56200
56201
56202
56203
56206
56210
56211
56213
56215
56216
56217
56220
56222
56223
56224
56227
56230
56232
56234
56237
56242
56246
56250
56253
56254
56255
56260
56262
56270
56271
56274
56276
56279
56280
56281
56287
56288
56291
56292
56293
56298
56300
56303
56304
56306
56308
56309
56318
56319
56321
56325
56327
56328
56329
56333
56337
56340
56341
56342
56344
56349
56352
56354
56355
56358
56360
56362
56363
56365
56368
56372
56373
56376
56378
56380
56382
56383
56384
56388
56391
56393
56398
56400
56401
56405
56407
56409
56410
56411
56412
56414
56420
56423
56424
56426
56429
56432
56433
56435
56436
56437
56439
56441
56443
56446
56448
56449
56450
56451
56455
56457
56458
56461
56463
56465
56466
56467
56469
56472
56473
56477
56479
56480
56481
56482
56483
56484
56486
56487
56489
56491
56493
56495
56496
56497
56503
56504
56507
56508
56510
56513
56518
56519
56523
56524
56525
56527
56529
56532
56535
56536
56537
56538
56539
56540
56541
56544
56545
56546
56547
56548
56550
56551
56553
56555
56560
56561
56562
56564
56566
56567
56569
56571
56573
56576
56577
56578
56580
56581
56582
56585
56586
56589
56590
56591
56594
56597
56598
56599
56600
56601
56602
56603
56604
56606
56607
56608
56609
56610
56613
56614
56615
56617
56618
56619
56620
56621
56623
56626
56628
56629
56631
56632
56634
56635
56636
56637
56638
56639
56640
56643
56646
56651
56652
56654
56655
56656
56657
56658
56661
56662
56664
56665
56667
56669
56670
56673
56674
56675
56678
56679
56680
56681
56682
56684
56685
56686
56687
56689
56690
56691
56694
56695
56696
56697
56698
56699
56700
56702
56705
56707
56708
56710
56711
56712
56713
56714
56716
56719
56720
56721
56722
56723
56724
56725
56726
56727
56728
56729
56730
56731
56732
56734
56735
56736
56737
56740
56741
56742
56743
56744
56747
56749
56752
56753
56754
56757
56759
56760
56761
56763
56764
56766
56767
56768
56770
56771
56772
56773
56774
56776
56777
56780
56784
56785
56786
56787
56789
56790
56791
56792
56794
56796
56798
56799
56800
56801
56805
56807
56808
56810
56811
56812
56813
56814
56816
56817
56819
56820
56821
56824
56825
56826
56829
56830
56831
56835
56837
56838
56840
56843
56846
56847
56848
56851
56853
56854
56855
57001
57004
57007
57010
57014
57017
57019
57027
57031
57032
57033
57034
57035
57037
57038
57047
57048
57049
57055
57057
57059
57072
57075
57076
57078
57082
57084
57088
57092
57096
57107
57109
57114
57115
57116
57119
57122
57131
57132
57139
57141
57142
57149
57155
57160
57161
57162
57164
57165
57171
57175
57182
57186
57187
57188
57189
57190
57191
57193
57194
57195
57196
57197
57200
57201
57203
57204
57205
57208
57209
57211
57212
57213
57214
57218
57219
57220
57221
57222
57223
57224
57225
57227
57228
57230
57231
57232
57233
57234
57235
57237
57238
57240
57241
57243
57245
57246
57249
57250
57251
57252
57253
57254
57259
57261
57262
57263
57264
57266
57268
57269
57270
57272
57273
57274
57275
57276
57278
57279
57280
57281
57282
57283
57284
57285
57286
57287
58003
58005
58007
58008
58009
58011
58015
58016
58023
58024
58025
58028
58029
58032
58033
58035
58037
58040
58046
58048
58051
58057
58058
58060
58062
58063
58067
58068
58071
58072
58073
58076
58080
58081
58083
58084
58085
58091
58092
58093
58094
58098
58104
58108
58113
58114
58115
58116
58117
58118
58119
58120
58124
58127
58133
58137
58139
58141
58143
58144
58145
58149
58163
58169
58170
58174
58177
58178
58183
58184
58186
58191
58193
58197
58204
58205
58206
58209
58212
58221
58223
58224
58226
58228
58238
58239
58240
58241
58244
58245
58246
58247
58249
58252
58253
58255
58258
58259
58263
58265
58266
58268
58275
58280
58283
58284
58292
58295
58296
58298
58303
58306
58310
58317
58318
58322
58325
58329
58330
58331
58337
58338
58340
58341
58342
58348
58350
58353
58359
58360
58362
58364
58365
58366
58374
58375
58376
58378
58379
58387
58388
58390
58401
58403
58405
58409
58417
58420
58428
58430
58431
58433
58436
58437
58444
58445
58448
58451
58452
58457
58462
58467
58468
58469
58471
58473
58475
58479
58480
58481
58482
58483
58485
58486
58488
58490
58491
58493
58496
58497
58500
58502
58504
58506
58508
58515
58516
58517
58518
58520
58521
58525
58528
58529
58531
58532
58533
58534
58535
58537
58538
58539
58540
58542
58544
58545
58546
58549
58550
58552
58554
58555
58556
58557
58558
58559
58560
58561
58562
58563
58564
58566
58567
58569
58570
58571
58572
58573
58574
58576
58578
58579
58580
58581
58582
58583
58584
58585
58586
58588
58589
58590
58592
58593
58594
58599
58604
58605
58606
58608
58610
58611
58613
58614
58615
58616
58617
58619
58621
58624
58625
58626
58628
58629
58630
58631
58632
58633
58637
58638
58640
58641
58642
58645
58646
58649
58650
58651
58653
58654
58655
58656
58658
58659
58660
58662
58663
58665
58666
58667
58669
58670
58672
58673
58676
58679
58682
58685
58686
58688
58689
58690
58691
58693
58695
58696
58697
58700
58701
58702
58707
58708
58710
58711
58713
58714
58715
58716
58718
58721
58722
58726
58729
58731
58732
58735
58736
58737
58738
58739
58740
58743
58745
58746
58747
58749
58750
58751
58753
58754
58755
58756
58758
58759
58760
58764
58766
58767
58768
58769
58770
58771
58774
58777
58778
58781
58782
58783
58785
58786
58787
58789
58790
58792
58794
58795
58796
58797
58798
58799
58800
58801
58802
58803
58804
58805
58809
58810
58811
58813
58814
58815
58817
58819
58820
58821
58822
58824
58825
58826
58828
58829
58830
58834
58835
58836
58837
58838
58839
59007
59008
59009
59013
59015
59017
59020
59022
59023
59025
59026
59027
59030
59037
59038
59039
59044
59045
59048
59054
59055
59056
59061
59062
59067
59071
59073
59075
59076
59079
59080
59082
59084
59092
59093
59095
59098
59106
59107
59115
59119
59121
59123
59125
59131
59132
59133
59152
59153
59161
59163
59164
59172
59174
59178
59179
59188
59190
59191
59192
59193
59194
59195
59196
59197
59200
59202
59205
59206
59208
59209
59213
59224
59226
59228
59229
59231
59241
59242
59244
59247
59257
59266
59267
59271
59272
59273
59274
59277
59281
59282
59283
59289
59290
59291
59292
59293
59295
59304
59306
59309
59311
59318
59320
59322
59328
59330
59331
59332
59337
59341
59342
59344
59347
59349
59350
59351
59354
59362
59364
59365
59366
59369
59377
59378
59379
59384
59389
59393
59395
59396
59398
59404
59408
59409
59410
59422
59423
59425
59427
59435
59437
59439
59441
59442
59445
59448
59450
59462
59465
59471
59472
59477
59478
59484
59485
59486
59487
59489
59493
59496
59497
59498
59501
59504
59512
59513
59514
59517
59518
59520
59523
59525
59526
59528
59529
59531
59532
59536
59537
59542
59545
59549
59550
59555
59559
59562
59563
59566
59570
59574
59575
59577
59579
59581
59586
59587
59589
59592
59599
59601
59604
59614
59615
59616
59617
59618
59619
59620
59622
59623
59624
59629
59630
59631
59636
59637
59639
59641
59642
59645
59647
59648
59649
59650
59652
59653
59654
59655
59656
59657
59658
59659
59660
59661
59662
59664
59668
59669
59673
59674
59676
59677
59678
59680
59681
59682
59683
59684
59687
59688
59692
59693
59695
59697
59698
59701
59702
59703
59704
59705
59706
59707
59708
59709
59710
59711
59712
59713
59714
59716
59718
59722
59723
59724
59725
59727
59728
59729
59731
59732
59734
59737
59739
59740
59743
59744
59745
59746
59749
59756
59757
59758
59760
59761
59764
59765
59766
59767
59768
59802
59804
59806
59807
59808
59811
59812
59814
59815
59816
59818
59819
59820
59823
59824
59829
59831
59833
59835
59836
59838
59839
59840
59842
59843
59844
59847
59849
59851
59852
59853
59854
59855
59858
59860
59861
59864
59870
59871
59872
59874
59876
59877
59878
59879
59882
59883
59885
59892
59893
59894
59897
59898
59899
59900
59901
59902
59904
59905
59908
59910
59911
59915
59917
59919
59920
59921
59922
59924
59925
59927
59929
59930
59931
59932
59933
59936
59937
59938
59940
59941
59942
59946
60001
60013
60018
60023
60024
60040
60058
60060
60061
60064
60065
60070
60072
60074
60080
60081
60090
60092
60096
601000
601004
601006
601007
60101
601011
601012
601013
601021
601022
601023
601026
601027
601030
601031
601033
60105
60108
60112
60121
60123
60124
60135
60136
60137
60139
60143
60144
60146
60147
60154
60157
60159
60161
60164
60175
60176
60180
60187
60188
60203
60205
60206
60207
60208
60209
60215
60216
60219
60221
60225
60226
60227
60228
60232
60234
60235
60240
60241
60244
60249
60253
60256
60258
60261
60263
60264
60270
60272
60273
60275
60276
60280
60282
60297
60298
60301
60302
60303
60306
60312
60313
60315
60319
60320
60323
60326
60332
60333
60336
60348
60352
60353
60360
60364
60365
60367
60374
60375
60376
60378
60385
60386
60392
60393
60398
60412
60413
60417
60419
60420
60423
60425
60428
60430
60433
60434
60436
60439
60440
60442
60443
60444
60447
60448
60451
60455
60462
60463
60466
60467
60471
60479
60484
60489
60492
60505
60511
60513
60517
60522
60523
60525
60535
60536
60537
60541
60544
60546
60554
60558
60559
60560
60563
60564
60565
60570
60571
60572
60575
60577
60579
60580
60582
60584
60595
60596
60601
60602
60603
60604
60606
60608
60610
60611
60613
60614
60616
60617
60620
60621
60624
60625
60626
60627
60630
60631
60632
60633
60635
60637
60638
60639
60640
60641
60642
60644
60645
60652
60653
60654
60657
60659
60660
60661
60663
60665
60668
60669
60670
60671
60672
60673
60675
60676
60677
60678
60682
60683
60684
60685
60686
60687
60690
60691
60692
60695
60696
60697
60698
60702
60705
60709
60711
60715
60716
60719
60720
60722
60723
60725
60726
60727
60728
60730
60732
60741
60743
60744
60745
60746
60749
60750
60751
60752
60755
60759
60760
60762
60764
60767
60768
60769
60771
60772
60774
60775
60777
60780
60781
60783
60784
60786
60788
60795
60798
60799
60800
60801
60804
60807
60809
60811
60814
60817
60819
60820
60828
60829
60831
60832
60833
60837
60838
60840
60845
60846
60851
60852
60853
60854
60856
60857
60858
60859
60860
60864
60869
60870
60871
60872
60873
60876
60877
60878
60879
60880
60881
60882
60884
60885
60886
60887
60889
60890
60891
60895
60896
60897
60898
60899
60902
60903
60904
60908
60909
60917
60921
60922
60924
60926
60930
60931
60932
60933
60934
60937
60939
60940
60941
60943
60946
60949
60950
60951
60952
60954
60955
60956
60960
60962
60963
60964
60965
60967
60968
60969
60970
60971
60972
60976
60980
60983
60984
60985
60986
60987
60988
60993
60994
60995
61001
61005
61006
61010
61012
61013
61014
61015
61019
61027
61029
61030
61034
61035
61041
61043
61044
61050
61051
61054
61057
61059
61062
61067
61072
61073
61076
61080
61081
61082
61083
61084
61089
61090
61094
61095
61103
61106
61107
61110
61116
61117
61118
61119
61120
61121
61122
61127
61130
61131
61132
61133
61138
61143
61147
61150
61151
61152
61158
61161
61162
61165
61167
61168
61171
61174
61180
61181
61184
61186
61188
61189
61190
61191
61192
61194
61199
61203
61204
61205
61209
61211
61217
61220
61223
61236
61237
61240
61244
61247
61249
61252
61253
61255
61257
61258
61260
61261
61262
61263
61267
61271
61273
61274
61275
61279
61280
61282
61283
61290
61292
61294
61296
61297
61300
61302
61305
61306
61307
61309
61310
61311
61312
61314
61319
61324
61325
61326
61327
61328
61329
61330
61333
61336
61337
61340
61343
61344
61346
61348
61349
61351
61356
61357
61360
61361
61363
61365
61367
61368
61371
61372
61373
61374
61377
61379
61380
61383
61384
61386
61387
61389
61391
61393
61397
61400
61402
61403
61405
61411
61412
61413
61414
61416
61417
61419
61420
61422
61423
61425
61427
61429
61430
61431
61432
61433
61435
61438
61439
61440
61441
61443
61446
61447
61450
61453
61454
61457
61458
61459
61460
61461
61462
61463
61464
61465
61467
61468
61469
61470
61471
61472
61473
61474
61476
61477
61478
61480
61481
61483
61484
61485
61486
61488
61490
61491
61492
61493
61494
61495
61496
61497
61498
61499
61500
61502
61503
61504
61505
61506
61507
61508
61510
61511
61513
61514
61515
61516
61517
61518
61519
61520
61523
61524
61525
61526
61527
61528
61532
61533
61534
61537
61538
61539
61540
61541
61542
61543
61544
61545
61546
61547
61548
61549
61550
61552
61554
61555
61556
61557
61558
61559
61560
61561
61562
61563
61564
61565
61566
61567
61568
61569
61572
61573
61574
61575
61576
61578
61579
61580
61581
61582
61583
61584
61585
61586
61587
61588
61589
61592
61593
61594
61595
61597
61598
61599
61600
61601
61602
61603
61604
61605
61607
61608
61610
61611
61612
61613
61614
61615
61616
61617
61621
61624
61625
61626
61628
61631
61633
61635
61636
61637
61640
61642
61643
61644
61645
61646
61649
61650
61651
61653
61654
61655
61656
61658
61659
61660
61662
61663
61664
61665
61667
61668
61670
61672
61673
61674
61675
61676
61677
61678
61679
61680
61681
61682
61684
61685
61686
61688
61689
61690
61691
61693
61694
61695
61696
61697
61698
61699
61700
61701
61702
61704
61705
61706
61707
61708
61710
61711
61712
61713
61714
61717
61718
61720
61721
61722
61723
61725
61727
61730
61731
61735
61736
61737
61739
61740
61741
61742
61743
61745
61747
61749
61751
61753
61754
61757
61758
61759
62003
62004
62011
62012
62014
62016
62017
62020
62022
62023
62026
62030
62031
62033
62034